20180809 20000 0.2 0.4
20180809 20000 0.3 0.4
20180809 20000 0.4 0.4
20180809 20000 0.5 0.4
20180809 20000 0.6 0.4
20180809 20000 0.7 0.4
20180809 40000 0.2 0.4
20180809 40000 0.3 0.4
20180809 40000 0.4 0.4
20180809 40000 0.5 0.4
20180809 40000 0.6 0.4
20180809 40000 0.7 0.4
20180809 50000 0.2 0.4
20180809 50000 0.3 0.4
20180809 50000 0.4 0.4
20180809 50000 0.5 0.4
20180809 50000 0.6 0.4
20180809 50000 0.7 0.4
20180809 100000 0.2 0.4
20180809 100000 0.3 0.4
20180809 100000 0.4 0.4
20180809 100000 0.5 0.4
20180809 100000 0.6 0.4
20180809 100000 0.7 0.4
20180809 200000 0.2 0.4
20180809 200000 0.3 0.4
20180809 200000 0.4 0.4
20180809 200000 0.5 0.4
20180809 200000 0.6 0.4
20180809 200000 0.7 0.4
20180809 20000 0.2 0.5
20180809 20000 0.3 0.5
20180809 20000 0.4 0.5
20180809 20000 0.5 0.5
20180809 20000 0.6 0.5
20180809 20000 0.7 0.5
20180809 40000 0.2 0.5
20180809 40000 0.3 0.5
20180809 40000 0.4 0.5
20180809 40000 0.5 0.5
20180809 40000 0.6 0.5
20180809 40000 0.7 0.5
20180809 50000 0.2 0.5
20180809 50000 0.3 0.5
20180809 50000 0.4 0.5
20180809 50000 0.5 0.5
20180809 50000 0.6 0.5
20180809 50000 0.7 0.5
20180809 100000 0.2 0.5
20180809 100000 0.3 0.5
20180809 100000 0.4 0.5
20180809 100000 0.5 0.5
20180809 100000 0.6 0.5
20180809 100000 0.7 0.5
20180809 200000 0.2 0.5
20180809 200000 0.3 0.5
20180809 200000 0.4 0.5
20180809 200000 0.5 0.5
20180809 200000 0.6 0.5
20180809 200000 0.7 0.5
20180809 20000 0.2 0.6
20180809 20000 0.3 0.6
20180809 20000 0.4 0.6
20180809 20000 0.5 0.6
20180809 20000 0.6 0.6
20180809 20000 0.7 0.6
20180809 40000 0.2 0.6
20180809 40000 0.3 0.6
20180809 40000 0.4 0.6
20180809 40000 0.5 0.6
20180809 40000 0.6 0.6
20180809 40000 0.7 0.6
20180809 50000 0.2 0.6
20180809 50000 0.3 0.6
20180809 50000 0.4 0.6
20180809 50000 0.5 0.6
20180809 50000 0.6 0.6
20180809 50000 0.7 0.6
20180809 100000 0.2 0.6
20180809 100000 0.3 0.6
20180809 100000 0.4 0.6
20180809 100000 0.5 0.6
20180809 100000 0.6 0.6
20180809 100000 0.7 0.6
20180809 200000 0.2 0.6
20180809 200000 0.3 0.6
20180809 200000 0.4 0.6
20180809 200000 0.5 0.6
20180809 200000 0.6 0.6
20180809 200000 0.7 0.6
20180809 20000 0.2 0.7
20180809 20000 0.3 0.7
20180809 20000 0.4 0.7
20180809 20000 0.5 0.7
20180809 20000 0.6 0.7
20180809 20000 0.7 0.7
20180809 40000 0.2 0.7
20180809 40000 0.3 0.7
20180809 40000 0.4 0.7
20180809 40000 0.5 0.7
20180809 40000 0.6 0.7
20180809 40000 0.7 0.7
20180809 50000 0.2 0.7
20180809 50000 0.3 0.7
20180809 50000 0.4 0.7
20180809 50000 0.5 0.7
20180809 50000 0.6 0.7
20180809 50000 0.7 0.7
20180809 100000 0.2 0.7
20180809 100000 0.3 0.7
20180809 100000 0.4 0.7
20180809 100000 0.5 0.7
20180809 100000 0.6 0.7
20180809 100000 0.7 0.7
20180809 200000 0.2 0.7
20180809 200000 0.3 0.7
20180809 200000 0.4 0.7
20180809 200000 0.5 0.7
20180809 200000 0.6 0.7
20180809 200000 0.7 0.7
